-942.4650879 0
-910.4667358 0
-878.4683838 0
-846.4700317 0
-814.4716797 0
-782.4733887 0
-750.4750366 0
-718.4766846 2.59137e-22
-686.4783325 9.88161e-16
-654.4799805 4.19537e-11
-622.4816284 2.79748e-07
-590.4832764 0.00030644
-558.4849243 0.0595746
-526.4865723 2.35446
-494.4882507 23.8698
-462.4898987 89.5092
-430.4915771 195.46
-398.4932251 339.444
-366.4948730 468.698
-334.4965210 479.334
-302.4981689 428.586
-270.4998474 383.932
-238.5014954 344.879
-206.5031433 307.884
-174.5048065 272.196
-142.5064545 238.13
-110.5081100 206.679
-78.50976562 179.597
-46.51142120 159.791
-14.51307583 150.691
17.48526955 154.868
49.48361588 172.349
81.48195648 200.794
113.4803085 237.347
145.4786530 279.735
177.4769897 326.554
209.4753418 377.367
241.4736786 432.268
273.4720459 493.466
305.4703674 567.901
337.4687195 630.065
369.4670715 550.56
401.4654236 353.768
433.4637451 183.702
465.4620972 66.3417
497.4604492 10.9477
529.4588013 0.541055
561.4571533 0.00598618
593.4555054 1.24392e-05
625.4538574 4.38867e-09
657.4521484 2.48067e-13
689.4505005 2.12599e-18
721.4488525 0
753.4472046 0
785.4455566 0
817.4439087 0
849.4422607 0
881.4406128 0
913.4389038 0
945.4372559 0
