-942.4650879 0
-910.4667358 0
-878.4683838 0
-846.4700317 0
-814.4716797 0
-782.4733887 0
-750.4750366 0
-718.4766846 4.58183e-23
-686.4783325 1.02613e-15
-654.4799805 4.31316e-11
-622.4816284 2.85032e-07
-590.4832764 0.000309871
-558.4849243 0.0598952
-526.4865723 2.35861
-494.4882507 23.8752
-462.4898987 89.5072
-430.4915771 195.469
-398.4932251 339.458
-366.4948730 468.674
-334.4965210 479.334
-302.4981689 428.582
-270.4998474 383.939
-238.5014954 344.881
-206.5031433 307.861
-174.5048065 272.199
-142.5064545 238.153
-110.5081100 206.68
-78.50976562 179.604
-46.51142120 159.782
-14.51307583 150.686
17.48526955 154.864
49.48361588 172.335
81.48195648 200.801
113.4803085 237.353
145.4786530 279.73
177.4769897 326.581
209.4753418 377.346
241.4736786 432.286
273.4720459 493.476
305.4703674 567.873
337.4687195 630.07
369.4670715 550.562
401.4654236 353.774
433.4637451 183.703
465.4620972 66.3377
497.4604492 10.9462
529.4588013 0.540773
561.4571533 0.00597664
593.4555054 1.23958e-05
625.4538574 4.36184e-09
657.4521484 2.4576e-13
689.4505005 2.0764e-18
721.4488525 0
753.4472046 0
785.4455566 0
817.4439087 0
849.4422607 0
881.4406128 0
913.4389038 0
945.4372559 0
